data:
  config:
    ambPressure: 101325.0
    burnoutThrustThres: 0.1
    burnoutWebThres: 2.540005e-05
    flowSeparationWarnPercent: 0.05
    mapDim: 750
    maxMassFlux: 1406.4697609
    maxPressure: 10342500.0
    minPortThroat: 2.0
    sepPressureRatio: 0.4
    timestep: 0.01
  grains:
  - properties:
      coreDiameter: 0.01742
      diameter: 0.04818
      inhibitedEnds: Neither
      length: 0.12819999999999998
    type: BATES
  nozzle:
    convAngle: 45.0
    divAngle: 15.0
    efficiency: 0.85
    erosionCoeff: 0.0
    exit: 0.023600000000000003
    slagCoeff: 0.0
    throat: 0.012539999999999999
    throatLength: 0.001
  propellant:
    density: 1692.06332
    name: Nakka - KNSU
    tabs:
    - a: 0.00010073115
      k: 1.133
      m: 41.98
      maxPressure: 10342500.0
      minPressure: 0.0
      n: 0.319
      t: 1720.0
type: !!python/object/apply:uilib.fileIO.fileTypes
- 3
version: !!python/tuple
- 0
- 6
- 0
